8
1 2 3 4 5 6 7 8 
16
1 2 3 4 5 6 7 8 9 10 11 12 13 14 15 16 
32
1 2 3 4 5 6 7 8 9 10 11 12 13 14 15 16 17 18 19 20 21 22 23 24 25 26 27 28 29 30 31 32 
64
1 2 3 4 5 6 7 8 9 10 11 12 13 14 15 16 17 18 19 20 21 22 23 24 25 26 27 28 29 30 31 32 33 34 35 36 37 38 39 40 41 42 43 44 45 46 47 48 49 50 51 52 53 54 55 56 57 58 59 60 61 62 63 64 
128
1 2 3 4 5 6 7 8 9 10 11 12 13 14 15 16 17 18 19 20 21 22 23 24 25 26 27 28 29 30 31 32 33 34 35 36 37 38 39 40 41 42 43 44 45 46 47 48 49 50 51 52 53 54 55 56 57 58 59 60 61 62 63 64 65 66 67 68 69 70 71 72 73 74 75 76 77 78 79 80 81 82 83 84 85 86 87 88 89 90 91 92 93 94 95 96 97 98 99 100 101 102 103 104 105 106 107 108 109 110 111 112 113 114 115 116 117 118 119 120 121 122 123 124 125 126 127 128 
8
8 7 6 5 4 3 2 1 
16
16 15 14 13 12 11 10 9 8 7 6 5 4 3 2 1 
32
32 31 30 29 28 27 26 25 24 23 22 21 20 19 18 17 16 15 14 13 12 11 10 9 8 7 6 5 4 3 2 1 
64
64 63 62 61 60 59 58 57 56 55 54 53 52 51 50 49 48 47 46 45 44 43 42 41 40 39 38 37 36 35 34 33 32 31 30 29 28 27 26 25 24 23 22 21 20 19 18 17 16 15 14 13 12 11 10 9 8 7 6 5 4 3 2 1 
128
128 127 126 125 124 123 122 121 120 119 118 117 116 115 114 113 112 111 110 109 108 107 106 105 104 103 102 101 100 99 98 97 96 95 94 93 92 91 90 89 88 87 86 85 84 83 82 81 80 79 78 77 76 75 74 73 72 71 70 69 68 67 66 65 64 63 62 61 60 59 58 57 56 55 54 53 52 51 50 49 48 47 46 45 44 43 42 41 40 39 38 37 36 35 34 33 32 31 30 29 28 27 26 25 24 23 22 21 20 19 18 17 16 15 14 13 12 11 10 9 8 7 6 5 4 3 2 1 
8
383 886 777 915 793 335 386 492 
16
649 421 362 27 690 59 763 926 540 426 172 736 211 368 567 429 
32
782 530 862 123 67 135 929 802 22 58 69 167 393 456 11 42 229 373 421 919 784 537 198 324 315 370 413 526 91 980 956 873 
64
862 170 996 281 305 925 84 327 336 505 846 729 313 857 124 895 582 545 814 367 434 364 43 750 87 808 276 178 788 584 403 651 754 399 932 60 676 368 739 12 226 586 94 539 795 570 434 378 467 601 97 902 317 492 652 756 301 280 286 441 865 689 444 619 
128
440 729 31 117 97 771 481 675 709 927 567 856 497 353 586 965 306 683 219 624 528 871 732 829 503 19 270 368 708 715 340 149 796 723 618 245 846 451 921 555 379 488 764 228 841 350 193 500 34 764 124 914 987 856 743 491 227 365 859 936 432 551 437 228 275 407 474 121 858 395 29 237 235 793 818 428 143 11 928 529 776 404 443 763 613 538 606 840 904 818 128 688 369 917 917 996 324 743 470 183 490 499 772 725 644 590 505 139 954 786 669 82 542 464 197 507 355 804 348 611 622 828 299 343 746 568 340 422 
